13 0.7163461538461539 0.10096153846153846 0.057692307692307696 0.19230769230769232
13 0.4362980769230769 0.11057692307692307 0.06971153846153846 0.20192307692307693
6 0.7379807692307693 0.27884615384615385 0.23317307692307693 0.17548076923076922
6 0.7163461538461539 0.3557692307692308 0.21394230769230768 0.09375
6 0.7319711538461539 0.484375 0.22115384615384615 0.24759615384615385
6 0.6935096153846154 0.5793269230769231 0.1658653846153846 0.31490384615384615
6 0.5120192307692307 0.6081730769230769 0.25721153846153844 0.35096153846153844
6 0.4230769230769231 0.5048076923076923 0.34375 0.38221153846153844
6 0.3918269230769231 0.3016826923076923 0.23557692307692307 0.22115384615384615
6 0.19831730769230768 0.8401442307692307 0.23557692307692307 0.21634615384615385
6 0.8125 0.796875 0.2668269230769231 0.2932692307692308
6 0.9423076923076923 0.6574519230769231 0.10817307692307693 0.19951923076923078
6 0.12740384615384615 0.6887019230769231 0.21634615384615385 0.14903846153846154
6 0.05048076923076923 0.5769230769230769 0.08653846153846154 0.10336538461538461
6 0.15865384615384615 0.49278846153846156 0.18509615384615385 0.17067307692307693